ID	Gender	Presim	Postsim	Yrmark	Timepre	Timepost	Conf	Satis	Rep
146	.	79	81	71	5.99	1.99	5	5	4
19	.	76	80	70	5.59	3.25	5	3	5
147	1	76	79	71	5.46	5.05	3	4	4
98	2	73	86	72	5.21	2.75	5	5	4
93	.	73	82	72	5.18	4.29	5	5	5
109	.	72	79	70	5.16	2.66	4	4	4
111	.	72	79	70	5.14	4.07	5	3	4
136	.	72	79	69	5.12	2.8	5	5	3
47	.	72	73	70	5	3.9	5	3	4
81	2	72	73	71	4.99	3.79	4	3	3
123	.	72	84	68	4.68	3.91	4	4	4
53	.	71	83	71	4.64	2.81	5	5	5
59	.	71	82	71	4.31	3.57	2	5	5
115	.	71	73	69	4.13	4.26	5	3	4
128	.	71	76	70	4.01	3.28	4	3	5
70	.	71	79	71	4	2.9	5	5	3
66	.	70	79	71	6.88	3.77	3	4	4
84	.	70	75	70	6.43	4.13	4	3	5
4	.	70	77	70	5.82	3.44	4	3	5
62	1	70	77	70	5.74	4.29	3	4	4
85	.	70	75	70	5.7	3.51	5	3	4
87	.	70	80	69	5.67	3.35	3	3	3
83	.	69	73	70	5.5	2.83	5	4	2
117	.	69	80	71	5.17	3.19	5	4	4
65	.	69	75	70	4.78	4.22	4	5	4
76	.	69	83	70	4.74	4.93	4	4	4
105	.	69	71	71	4.38	5.01	4	4	5
100	.	69	78	70	6.76	5.55	4	3	5
143	2	69	81	70	6.2	4.42	3	5	2
10	.	68	78	71	6.19	2.19	4	4	5
30	.	68	76	71	5.87	3.76	4	3	4
20	.	68	79	70	5.68	4.18	3	5	4
129	.	68	87	71	5.37	2.98	3	5	5
39	.	68	82	70	5.27	4.51	4	3	5
58	.	68	76	71	5.09	4.04	4	4	4
17	.	68	82	69	5.04	3.46	3	3	4
54	.	68	78	72	4.86	4.56	5	5	4
121	.	68	74	69	4.02	2.07	4	4	4
45	.	68	77	71	3.87	3.66	5	5	4
64	.	68	72	70	3.74	1.91	4	3	4
31	.	68	79	69	3.61	2.33	3	4	4
120	.	67	77	71	6.29	2.2	4	4	4
37	.	67	75	70	5.43	4.4	5	5	4
106	.	67	77	70	5.26	4.46	3	4	5
52	.	67	73	69	4.56	1.81	4	5	4
94	.	67	83	71	4.41	2.93	4	4	3
77	.	67	81	71	4.23	4.19	5	5	4
9	.	67	81	71	4.18	2.46	5	3	3
35	.	67	86	70	5.62	4.98	5	5	3
24	.	67	75	69	5.36	3.25	4	3	5
78	.	67	81	72	5.24	4.26	4	4	5
2	.	67	84	69	4.69	4.22	5	4	5
55	.	66	79	70	4.26	2.57	5	5	4
71	1	66	71	70	3.6	2.62	5	4	5
25	.	66	75	70	5.07	2.88	5	5	5
113	.	66	80	71	4.83	5.17	5	3	4
68	.	66	72	70	4.81	3.15	3	4	5
5	.	66	80	72	4.78	2.54	5	3	4
48	.	66	66	71	4.39	3.08	2	3	3
32	.	66	74	70	5.6	3.7	5	3	3
27	.	66	78	70	5.48	3.12	5	4	3
29	.	66	77	70	5.24	2.46	5	5	4
137	.	66	75	71	4.78	3.75	3	3	3
38	.	66	77	70	6.24	3.23	3	4	5
46	.	65	70	70	6.09	2.23	3	3	3
14	.	65	73	70	5.24	3.58	5	4	4
148	.	65	79	71	3.08	3.61	5	4	5
102	.	65	78	71	4.28	3.26	5	4	3
18	.	65	72	68	4.01	3.25	4	4	5
63	.	65	76	71	5.17	3.45	4	2	4
101	1	65	75	70	4.54	3.46	4	4	4
144	.	65	71	70	5.73	1.15	4	2	3
150	.	64	78	71	5.09	4.66	5	4	5
132	.	64	73	71	4.97	5.95	5	2	4
138	.	64	74	71	3.83	2.73	3	2	5
89	.	64	77	69	3.26	1.69	4	3	4
112	.	64	69	71	6.62	4.85	4	4	2
23	1	64	66	70	6.09	4.31	2	3	4
140	1	64	75	69	5.73	3.15	2	4	4
133	.	64	73	70	7.57	4.9	3	5	3
80	.	64	74	70	5.79	4.94	4	3	4
44	.	64	76	71	6.79	4.15	3	4	4
12	.	64	73	69	6.09	4.68	2	3	1
127	.	64	77	71	6.05	5.15	3	2	5
110	.	64	81	68	5.28	5.82	3	4	3
79	.	64	73	70	5.21	4.66	4	3	4
21	.	64	70	70	5.14	4.25	4	4	4
3	.	64	76	68	8.32	7.01	2	5	4
75	.	64	73	70	7.62	4.22	2	4	4
36	.	64	72	71	6.2	5.09	4	3	2
74	.	63	79	71	5.74	2.95	4	4	4
61	.	63	77	69	5.39	6.07	3	3	4
33	.	63	72	72	6.82	4.19	5	4	3
51	.	63	80	71	6.53	4.36	3	4	5
125	.	63	67	71	6.42	2.85	3	4	3
122	.	63	72	70	5.8	3.58	3	4	4
50	.	63	74	70	5.15	4.27	4	3	2
141	.	63	69	68	5.06	2.6	4	2	5
26	.	63	70	70	7.64	4.24	3	4	3
40	.	63	76	70	6.73	3.6	5	3	4
73	.	63	73	69	6.44	2.73	4	3	3
90	.	62	78	71	5.77	3.77	5	4	3
108	.	62	71	69	5.33	3.13	3	2	4
104	.	62	72	68	4.82	4.3	2	4	4
145	.	62	73	71	4.71	3.71	4	4	3
13	.	62	79	71	6.83	3.06	4	3	4
134	2	62	74	70	6.7	3.76	4	4	5
130	.	62	70	69	6.49	3.22	4	4	5
7	.	62	75	71	6.44	4.7	4	4	4
69	.	62	69	70	6.09	3.2	3	4	2
34	.	62	73	70	5.85	3.53	4	5	2
92	.	62	69	69	5.72	4.14	2	3	2
60	.	62	64	70	5.63	6.41	2	4	4
11	.	62	72	70	5.29	3.45	3	4	4
149	.	62	69	68	5.1	4.54	2	2	2
142	.	61	69	70	4.79	3.54	3	2	3
95	.	61	78	71	4.59	2.63	4	3	3
49	.	61	70	69	7.27	4.32	4	3	4
16	.	61	74	69	6.65	3.9	3	4	3
126	.	61	71	70	6.46	4.84	3	4	4
22	.	61	70	70	6.22	4.92	4	3	4
28	.	61	80	71	6.2	4.22	3	4	4
88	.	60	77	70	5.79	6.75	4	4	3
67	.	60	76	69	5.74	3.42	4	4	5
119	1	60	79	70	5.49	5.78	4	5	5
116	2	60	70	70	5.17	3.55	4	3	4
99	.	60	70	69	4.73	3.72	4	4	3
86	1	60	73	70	4.24	3.69	4	4	4
42	.	59	63	68	6.6	4.56	3	5	4
114	.	59	71	70	6.02	4.01	3	3	5
96	.	59	78	70	5.79	6.16	3	3	2
57	.	59	72	70	5.75	3.14	4	4	3
1	.	59	73	70	5.73	4	3	5	4
103	.	58	72	71	5.63	6.17	4	5	4
131	.	58	74	68	5.42	3	3	4	4
8	.	58	72	68	5.25	3.88	3	3	3
107	.	58	63	69	4.78	6.26	3	3	5
91	.	57	73	70	4.69	4.88	4	3	5
139	.	57	71	67	4.17	3.45	3	4	3
41	2	57	66	69	4.09	3.07	4	2	2
97	.	57	75	70	6.18	3.66	5	3	5
15	.	56	74	70	5.81	4.35	2	4	4
82	.	56	66	68	5.72	5.75	2	1	3
135	.	55	69	69	5.53	4.55	3	4	3
43	.	55	65	71	5.18	3.42	2	4	3
118	.	53	65	69	5.15	4.18	2	2	1
6	2	53	75	71	4.63	3	4	4	4
124	.	53	75	70	4.19	3.33	4	3	3
72	.	52	63	68	7.91	5.4	4	4	5
56	2	50	65	69	7.37	4.65	4	3	3
