ID	Gender	Entry	Y3mark	Y3tutor	Satis	C1	C2	C3	C4	C5	C6	C7	C8	C9	C10	Support	Warn
1	1	56	86	8	3	3	2	3	2	2	3	2	2	2	2	.	0
2	2	55	80	7	2	1	3	2	1	1	2	1	1	1	1	.	0
3	1	64	89	9	4	4	4	3	3	4	3	4	3	3	3	.	0
4	2	56	75	6	2	1	1	2	1	1	2	1	1	1	1	.	0
5	1	54	77	6	2	3	2	4	4	4	5	4	4	4	4	1	1
6	2	70	89	9	5	2	3	3	4	4	2	4	4	4	4	.	0
7	1	59	81	6	4	2	3	2	2	5	4	5	5	5	5	.	0
8	2	61	78	8	2	1	3	3	5	1	2	5	5	3	5	.	0
9	1	50	73	6	3	1	2	1	1	1	2	1	1	1	1	.	0
10	2	60	84	8	4	3	2	4	3	3	4	3	3	3	3	.	0
11	1	63	85	6	3	3	2	1	4	4	4	4	4	4	4	.	0
12	2	64	84	7	3	3	3	3	3	3	5	3	3	3	3	.	0
13	1	61	85	7	4	2	4	2	3	3	4	3	3	3	3	.	0
14	2	68	85	10	3	3	4	4	4	4	5	4	4	4	4	.	0
15	2	55	79	8	4	3	1	1	2	2	3	2	2	2	2	.	0
16	2	58	80	8	2	4	4	1	3	3	4	3	3	3	3	.	0
17	1	53	74	8	3	5	3	3	3	3	4	3	3	3	3	.	0
18	2	62	88	7	4	4	3	3	5	5	2	5	5	5	5	.	0
19	1	55	83	7	2	3	2	2	3	3	4	3	3	3	3	.	0
20	2	62	85	6	4	3	4	3	2	2	3	2	2	2	2	.	0
21	1	56	79	6	3	2	3	4	3	3	5	3	3	3	3	.	1
22	2	66	93	8	5	4	4	3	2	2	4	2	2	2	2	.	0
23	2	69	92	8	5	4	4	3	4	5	2	2	5	5	5	.	0
24	2	63	84	7	2	3	2	3	3	3	4	3	3	3	3	.	0
25	1	65	85	8	2	3	2	2	4	4	5	3	4	4	4	1	1
26	2	57	84	7	3	2	5	3	2	2	4	2	2	2	2	.	0
27	1	66	94	9	4	2	3	2	4	4	4	4	4	4	4	.	0
28	2	62	84	8	5	2	2	3	2	2	2	2	2	2	2	.	0
29	1	60	85	8	3	1	2	3	3	3	5	3	3	3	3	.	0
30	2	62	78	8	5	1	4	2	4	4	3	4	4	4	4	.	0
31	1	63	83	8	4	2	1	3	3	3	4	3	3	3	3	.	0
32	2	60	85	10	4	3	4	3	2	2	3	2	2	2	2	.	0
33	1	66	84	8	3	3	2	4	3	3	4	3	3	3	3	.	0
34	2	52	81	6	2	3	2	3	3	3	4	3	3	3	3	.	1
35	1	49	80	7	1	3	2	1	1	1	2	1	1	1	1	.	1
36	2	65	83	10	3	3	3	3	2	2	3	2	2	2	2	.	0
37	2	58	79	7	4	4	2	2	3	3	4	3	3	3	3	.	0
38	2	64	83	9	5	4	3	4	4	4	5	4	4	4	4	.	0
39	1	54	73	7	3	2	2	3	4	4	5	4	4	4	4	.	0
40	2	53	73	8	3	2	1	4	1	2	2	1	2	2	1	.	0
41	1	63	79	6	4	4	3	3	3	3	4	3	3	3	3	.	0
42	2	60	83	6	3	2	3	2	4	4	2	3	4	4	4	.	0
43	1	60	90	8	4	2	3	2	1	1	3	1	1	1	1	.	0
44	2	55	82	7	2	3	3	4	2	2	3	2	2	2	2	.	0
45	1	60	80	8	4	3	1	2	4	5	3	4	3	5	4	.	0
46	2	52	78	6	2	3	2	2	2	2	3	2	2	2	2	.	0
47	1	62	89	8	3	3	3	4	1	1	3	1	1	1	1	.	0
48	2	55	74	5	2	4	1	4	2	2	3	2	2	2	2	.	1
49	1	61	85	8	3	3	2	3	3	3	4	3	3	3	3	.	0
50	2	62	84	7	4	4	4	4	2	2	3	2	2	2	2	.	0
51	2	63	84	8	5	3	3	2	3	3	4	3	3	3	3	.	0
52	2	64	82	8	3	2	3	3	3	3	4	3	3	3	3	.	0
53	1	66	83	8	4	1	3	2	3	3	4	3	3	3	3	.	0
54	2	64	93	8	5	4	4	3	4	4	2	4	4	4	4	.	0
55	2	61	79	5	3	2	2	3	3	3	4	3	3	3	3	.	0
56	2	54	80	7	3	2	3	2	2	2	3	2	2	2	2	.	0
57	1	56	86	8	4	2	4	3	3	3	4	3	3	3	3	.	0
58	2	56	78	8	3	2	2	3	3	3	4	3	3	3	3	.	0
59	1	64	88	9	3	3	3	3	3	3	4	3	3	3	3	.	0
60	2	59	81	8	4	3	3	2	4	4	5	4	4	4	4	.	0
61	1	52	83	6	5	4	3	4	4	4	5	4	4	4	4	.	0
62	2	63	81	7	5	3	2	2	3	3	5	3	3	3	3	.	0
63	1	53	84	8	4	2	2	3	2	2	4	2	2	2	2	.	0
64	2	67	84	9	5	3	4	4	3	3	4	3	3	3	3	.	0
65	1	64	79	8	4	3	2	2	3	3	4	3	3	3	3	.	0
66	2	68	91	7	3	4	3	4	3	3	4	3	3	3	3	.	0
67	1	61	82	8	3	3	4	3	3	3	5	3	3	3	3	.	0
68	2	66	82	7	4	2	3	2	3	3	5	3	3	3	3	.	0
69	1	65	83	8	3	2	3	1	3	3	4	3	3	3	3	.	0
70	2	58	79	9	3	1	4	2	2	2	3	2	2	2	2	.	0
71	1	64	90	8	4	3	2	2	4	4	5	4	4	4	4	.	0
72	2	63	83	7	5	3	3	2	2	2	3	2	2	2	2	.	0
73	1	57	78	8	3	2	1	3	1	1	3	1	1	1	1	.	0
74	2	67	90	8	2	3	5	3	3	3	4	3	3	3	3	.	0
75	2	62	82	7	4	3	4	3	2	2	4	2	2	2	2	.	0
76	2	58	78	7	2	3	2	3	3	3	4	3	3	3	3	.	0
77	1	63	84	8	3	1	3	3	3	3	4	3	3	3	3	.	0
78	2	60	85	10	2	3	3	4	2	2	3	2	2	2	2	.	0
79	1	63	81	9	4	2	2	3	2	2	3	2	2	2	2	.	0
80	2	51	78	4	1	1	2	1	2	2	3	2	2	2	2	1	1
81	1	58	85	8	3	3	2	2	3	3	4	3	3	3	3	.	0
82	2	62	87	8	3	3	3	4	2	2	3	2	2	2	2	.	0
83	1	65	95	8	4	3	2	3	5	4	2	5	5	5	3	.	0
84	2	66	89	9	4	3	3	3	5	5	2	5	5	5	5	.	0
85	1	58	88	8	4	5	3	4	4	4	5	4	4	4	4	.	0
86	2	61	86	8	5	1	1	3	3	3	4	3	3	3	3	.	0
87	1	63	90	9	4	5	5	3	5	5	3	5	3	2	5	.	0
88	2	51	79	7	3	4	1	2	3	3	4	3	3	3	3	.	0
89	1	54	84	9	3	2	3	2	4	4	5	4	4	4	4	.	0
90	2	61	80	7	5	5	2	3	3	3	5	3	3	3	3	.	0
91	1	60	81	8	1	2	3	3	3	3	4	3	3	3	3	.	1
92	2	61	86	9	4	4	2	2	3	3	5	3	3	3	3	.	0
93	1	59	88	8	5	2	5	4	3	3	4	3	3	3	3	.	0
94	2	67	86	7	4	4	3	3	3	3	5	3	3	3	3	.	0
95	1	54	85	7	3	3	2	2	2	2	4	2	2	2	2	.	0
96	2	56	86	7	3	1	3	4	3	3	4	3	3	3	3	.	0
97	1	58	81	8	3	3	4	3	3	3	4	3	3	3	3	.	0
98	2	59	80	6	2	2	4	2	1	1	2	1	1	1	1	.	0
99	2	54	76	6	4	1	1	4	3	3	4	3	3	3	3	.	0
100	2	50	81	6	2	2	4	2	3	3	4	3	3	3	3	.	0
101	1	71	94	8	5	3	4	4	3	3	4	3	3	3	3	.	0
102	2	63	85	8	4	3	2	3	3	3	4	3	3	3	3	.	0
103	1	70	93	8	5	3	3	4	3	3	4	3	3	3	3	.	0
104	2	60	78	7	4	3	4	2	3	3	4	3	3	3	3	.	0
105	1	65	89	8	4	3	3	2	4	4	5	4	4	4	4	.	0
106	2	63	88	9	3	3	1	1	1	1	3	1	1	1	1	.	0
107	2	64	84	7	4	4	3	2	4	4	5	4	4	4	4	.	0
108	2	62	79	8	3	3	3	2	3	1	1	3	1	1	2	.	0
109	1	70	92	9	5	4	1	4	4	4	5	4	4	4	4	.	0
110	2	64	82	8	3	3	1	3	1	3	2	2	3	3	1	.	0
111	1	67	89	10	3	5	2	3	4	4	5	4	4	4	4	.	0
112	2	61	80	7	3	2	3	3	5	5	5	5	5	5	5	.	0
113	1	60	82	7	2	2	1	1	1	1	3	1	1	1	1	.	0
114	2	58	84	7	4	3	3	3	3	3	5	3	3	3	3	.	0
115	2	63	87	7	5	5	3	4	4	4	5	4	4	4	4	.	0
116	2	57	77	6	1	4	2	1	3	3	4	3	3	3	3	.	1
117	1	64	80	7	4	4	2	4	2	2	2	2	1	1	2	.	0
118	2	75	92	8	4	3	3	3	4	4	5	4	4	4	4	.	0
119	2	70	90	8	3	4	3	4	3	2	2	5	5	4	5	.	0
120	2	71	92	8	4	3	3	4	4	4	5	4	4	4	4	.	0
121	2	61	77	9	5	4	2	4	4	4	5	4	4	4	4	.	0
122	2	55	80	8	3	4	2	2	1	1	3	1	1	1	1	.	0
123	2	59	89	8	4	4	2	3	3	3	4	3	3	3	3	.	0
124	2	59	82	6	3	4	3	3	1	1	3	1	1	1	1	.	0
125	1	50	73	5	2	4	2	2	3	3	4	3	3	3	3	.	0
126	2	66	81	8	2	4	4	3	3	3	4	3	3	3	3	.	0
127	1	69	91	7	4	4	3	4	4	4	5	4	4	4	4	.	0
128	2	57	81	8	3	4	4	2	2	2	3	2	2	2	2	.	0
129	2	62	88	10	4	3	4	3	3	3	4	3	3	3	3	.	0
130	1	61	79	7	3	2	2	3	1	1	3	1	1	1	1	.	0
131	2	52	73	8	2	2	1	2	2	2	3	2	2	2	2	.	1
132	1	57	88	7	3	3	2	4	3	3	4	3	3	3	3	.	0
133	2	53	83	8	4	2	2	3	3	3	4	3	3	3	3	.	0
134	2	58	81	7	4	3	2	3	3	3	4	3	3	3	3	.	0
135	2	66	89	8	3	3	4	3	3	3	5	3	3	3	3	.	0
136	1	49	78	7	1	1	1	3	3	3	4	3	3	3	3	.	1
137	2	65	86	7	2	2	3	2	3	3	4	3	3	3	3	1	1
138	2	61	85	7	5	1	3	2	4	4	5	3	4	4	4	.	0
139	2	58	85	7	2	2	2	2	4	4	4	4	4	4	4	.	0
140	1	69	86	8	4	4	3	4	3	3	4	3	3	3	3	.	0
141	2	63	88	9	4	2	4	3	3	3	4	3	3	3	3	.	0
142	1	62	86	8	3	1	3	2	4	4	5	4	4	4	4	.	0
143	2	64	88	8	4	4	4	2	4	4	5	4	4	4	4	.	0
144	2	63	87	7	5	5	3	4	3	3	5	3	3	3	3	.	0
145	2	63	78	5	3	2	1	4	2	2	3	2	2	2	2	.	0
146	1	63	89	6	3	4	2	1	3	3	3	3	3	3	3	.	0
147	2	58	87	7	3	4	3	2	2	2	4	2	2	2	2	.	0
148	1	60	83	6	3	3	2	4	5	3	2	5	5	5	5	.	0
149	2	61	88	8	3	3	2	3	2	2	3	2	2	2	2	.	0
150	1	66	84	9	4	1	3	4	5	5	2	5	5	5	5	.	0
